218.826 249.024
218.678 191.038
218.536 132.49
218.398 73.3437
218.373 14.1644
276.367 249.24
276.396 190.838
276.485 132.217
276.625 72.754
276.638 12.8868
334.359 249.308
334.602 190.739
335.015 131.804
335.41 72.1357
335.654 12.2214
392.58 249.33
393.264 190.688
393.753 131.61
394.487 71.6895
395.154 11.5041
451.038 249.406
452.018 190.605
452.859 131.509
453.992 71.3294
454.674 11.2057
509.345 249.44
510.795 190.535
511.761 131.41
513.406 71.1092
514.208 10.9483
567.518 249.452
569.529 190.587
570.746 131.404
572.327 71.3834
573.481 11.0507
625.569 249.505
627.696 190.671
629.403 131.545
631.305 71.557
631.732 12.1442
