290.667 330.591
290.528 287.357
290.417 245.269
290.29 203.949
290.01 163.881
333.798 329.892
333.199 286.776
332.38 244.825
331.655 203.849
331.016 163.733
376.55 329.329
375.309 286.36
374.056 244.615
372.86 203.604
371.727 163.779
418.607 328.475
416.99 285.837
415.278 244.38
413.669 203.607
412.177 163.825
460.379 327.727
458.299 285.444
456.089 244.209
454.245 203.479
452.002 163.924
501.384 327.036
498.873 284.922
496.169 243.834
494.005 203.448
491.411 164.009
541.58 326.362
538.887 284.49
535.715 243.626
533.243 203.485
530.45 164.308
581.452 325.605
578.398 284.081
575.11 243.498
572.236 203.48
568.537 164.617
