192.287 253.849
193.352 200.282
194.406 146.266
195.508 91.4519
196.76 36.5999
245.99 255.284
247.299 201.827
248.571 147.962
249.926 93.6032
251.381 38.6911
299.362 256.523
300.806 203.439
302.413 149.913
303.929 95.6478
305.547 41.1747
352.009 257.745
353.671 205.186
355.535 151.769
357.424 97.8264
359.248 43.4318
403.958 258.88
406.052 206.517
408.016 153.693
410.381 100.009
412.277 46.1564
455.098 260.243
457.483 208.033
459.616 155.595
462.374 102.209
464.469 48.5527
505.443 261.336
508.332 209.542
510.644 157.413
513.462 104.537
515.999 51.2222
555.353 262.551
558.292 211.241
560.857 159.439
564.045 106.807
566.145 54.4595
