204.974 252.999
204.86 198.166
204.807 142.557
204.842 86.2059
204.994 29.5523
259.585 253.333
259.773 198.415
260.194 143.064
260.424 86.8508
260.788 30.1125
314.255 253.381
314.647 198.634
315.33 143.552
315.815 87.4125
316.543 30.9115
368.402 253.405
369.183 199.009
369.916 144.125
370.888 88.2817
371.933 31.7733
422.014 253.503
423.197 199.362
424.292 144.609
425.689 88.84
426.761 32.9614
475.054 253.522
476.535 199.608
477.7 145.361
479.653 89.6675
481.027 34.0384
527.333 253.533
529.333 199.868
530.803 145.739
532.838 90.72
534.649 35.3066
579.14 253.566
581.373 200.372
583.255 146.594
585.655 91.8418
586.956 37.3613
