147.41 282.002
145.651 219.513
144.079 156.889
142.571 94.1018
141.247 31.7841
210.12 280.381
208.61 218.111
207.201 155.664
205.554 93.2065
203.969 30.5604
272.774 278.65
271.348 216.619
269.756 154.513
268.284 92.1258
266.646 29.7441
334.58 276.876
333.239 215.274
331.725 153.444
330.368 91.3559
328.747 29.1814
395.653 275.286
394.431 213.774
393.027 152.513
391.782 90.4741
390.322 28.6607
455.768 273.491
454.676 212.475
453.408 151.531
452.449 89.7148
450.762 28.4337
514.88 271.732
514.152 211.262
512.767 150.576
511.91 89.455
510.508 28.3172
573.341 270.111
572.529 209.821
571.327 149.621
570.651 88.9084
568.557 29.0158
