193.618 248.905
194.575 193.995
195.579 138.465
196.592 82.199
197.738 25.5154
248.725 250.311
250.009 195.658
251.437 140.555
252.647 84.6444
254.119 28.2582
303.294 251.443
304.705 197.401
306.395 142.627
308.048 87.0866
309.66 31.1049
356.681 252.546
358.503 198.807
360.528 144.657
362.457 89.6523
364.464 33.9604
409.325 253.669
411.462 200.511
413.606 146.714
416.172 92.1127
418.313 37.065
460.637 254.672
463.3 202.065
465.527 148.873
468.51 94.5752
470.795 40.2074
511.03 255.715
514.076 203.607
516.654 150.909
519.681 97.3887
522.56 43.3086
560.506 256.786
563.742 205.233
566.605 153.046
570.119 100.02
572.397 46.9398
