185.792 253.867
186.618 199.975
187.57 145.574
188.469 90.4599
189.517 34.996
239.834 255.27
241.041 201.631
242.246 147.55
243.403 92.6229
244.501 37.3437
293.477 256.468
294.837 203.294
296.341 149.447
297.675 94.7075
299.25 39.731
346.312 257.588
347.837 204.762
349.618 151.39
351.399 97.1686
353.22 42.348
398.314 258.735
400.29 206.398
402.29 153.375
404.494 99.3523
406.456 45.0585
449.294 259.805
451.622 207.745
453.816 155.265
456.52 101.552
458.655 47.6495
499.527 260.94
502.394 209.4
504.875 157.182
507.637 103.994
510.332 50.4961
549.026 262.179
552.264 210.841
554.915 159.077
558.278 106.411
560.393 53.7546
