185.914 325.699
188.297 263.8
190.689 202.945
192.883 142.849
195.018 84.028
247.533 326.055
249.533 263.997
251.338 203.033
253.103 142.805
254.587 83.5066
309.676 326.441
311.028 264.316
312.393 203.097
313.701 142.575
314.683 83.3043
371.824 326.658
372.694 264.474
373.586 203.232
374.405 142.592
375.026 82.9196
433.993 326.959
434.607 264.583
434.879 203.443
435.519 142.561
435.549 82.9467
495.877 327.165
496.276 264.838
496.034 203.582
496.361 142.581
495.982 82.9196
557.458 327.262
557.659 265.115
557.236 203.767
556.89 142.925
556.222 83.1653
618.557 327.255
618.609 265.354
617.678 204.122
617.23 143.31
615.412 84.1639
