205.604 282.262
199.085 227.07
192.302 171.197
185.206 114.608
178.01 57.856
261.281 276.217
254.999 220.963
248.534 165.361
241.79 108.976
234.716 52.0444
316.523 270.142
310.591 215.141
304.391 159.584
297.874 103.266
291.199 46.5378
371.343 264.117
365.537 209.248
359.618 153.732
353.455 97.6301
347.039 41.0601
425.376 258.045
419.87 203.332
414.244 148.2
408.589 92.2005
402.255 35.7966
478.551 252.027
473.547 197.496
467.958 142.654
462.633 86.6718
456.619 30.6951
530.86 246.093
526.298 191.722
521.004 137.258
515.912 81.7018
510.196 25.7898
582.549 240.249
578.148 186.274
573.168 131.878
568.361 76.5918
562.315 21.8012
