288.648 327.034
288.891 277.033
289.204 228.53
289.455 181.24
289.668 135.331
338.661 326.477
338.31 276.506
337.748 228.25
337.384 180.963
336.999 134.786
388.704 326.014
387.5 276.242
386.467 227.781
385.432 180.493
384.406 134.564
438.603 325.53
436.576 275.736
434.808 227.461
433.287 180.293
431.613 134.327
488.08 325.068
485.668 275.37
483.188 227.328
481.064 179.94
478.686 134.069
537.045 324.55
534.221 274.972
530.864 226.913
528.41 179.581
525.476 133.867
585.354 323.831
582.266 274.562
578.436 226.686
575.34 179.559
572.058 133.666
633.172 323.193
629.405 274.238
625.373 226.479
622.024 179.451
617.577 134.153
