261.488 284.754
262.829 237.683
264.17 192.899
265.307 150.208
266.299 109.746
307.759 282.485
308.03 234.382
308.371 188.846
308.422 145.396
308.331 104.047
356.289 280.179
355.242 231.15
354.198 184.619
353.096 140.196
352.041 98.4228
406.202 277.72
403.806 227.843
401.677 180.373
399.444 135.178
397.194 92.4816
458.032 275.407
454.505 224.273
451.071 176.127
447.529 129.798
443.875 86.5307
511.543 272.831
506.681 220.718
501.737 171.614
496.977 124.401
491.881 80.4504
566.84 270.21
560.665 217.067
554.347 167.061
547.823 119.042
541.526 74.2867
623.875 267.435
616.253 213.34
608.289 162.304
600.54 113.513
592.157 68.472
