240.535 303.683
240.886 255.366
241.201 209.559
241.133 165.967
241.062 124.675
289.317 299.619
288.365 250.545
287.409 204.359
286.204 160.335
284.643 118.333
339.707 295.492
337.368 245.707
334.797 198.721
332.413 154.008
329.787 111.848
391.619 291.342
387.649 240.887
383.699 193.288
379.917 148.063
376.151 105.253
445.058 287.113
439.502 235.76
434.114 187.721
428.757 141.615
423.575 98.5052
499.787 282.635
492.584 230.648
485.527 182.017
478.727 135.243
472.082 91.5955
555.852 278.228
547.117 225.386
538.31 176.068
529.945 128.955
521.784 84.5351
613.27 273.438
602.667 220.056
592.259 170.12
582.436 122.285
572.323 78.2276
