451.138 324.701
400.382 325.735
350.483 326.648
300.976 327.695
252.385 328.726
448.207 274.566
398.228 275.949
349.25 277.379
300.585 278.63
252.649 279.807
445.192 226.065
396.054 227.796
347.804 229.491
300.168 231.131
253.221 232.618
442.231 179.41
394.098 181.432
346.588 183.425
299.84 185.372
253.557 187.188
439.39 134.332
392.108 136.557
345.527 138.93
299.433 140.953
254.212 143.406
436.589 91.1968
390.195 93.474
344.5 96.3307
299.157 98.3988
254.581 101.224
433.743 49.5639
388.386 52.1467
343.431 55.2013
298.801 57.4842
255.068 60.2043
431.206 9.32267
386.47 12.0147
342.406 15.2235
298.606 17.5496
255.649 21.2846
