245.213 335.584
244.608 287.351
244.204 239.267
243.718 190.902
243.428 143.096
292.648 335.532
292.277 286.809
291.573 238.3
291.205 189.668
290.63 141.36
341.39 335.473
340.611 286.359
339.973 237.39
339.452 188.409
338.78 139.667
390.566 335.333
389.778 285.767
389.139 236.468
388.413 187.231
387.69 137.98
440.616 335.101
439.766 285.257
438.861 235.547
438.351 185.724
437.483 136.421
491.057 334.778
490.355 284.649
489.316 234.669
488.561 184.494
487.682 134.63
542.082 334.423
541.459 284.124
540.452 233.653
539.583 183.341
538.685 133.159
593.683 334.121
593.014 283.416
591.889 232.718
591.257 182.111
589.512 131.855
