280.22 42.7541
321.73 41.5317
363.77 40.3807
406.174 39.0069
448.727 37.9018
279.569 81.3893
321.913 80.2336
364.556 79.1942
407.608 78.0852
451.008 76.633
279.245 121.432
322.214 120.444
365.473 119.39
409.296 118.232
453.4 117.125
278.664 162.77
322.405 161.784
366.305 160.88
410.714 159.807
455.584 158.823
278.392 205.493
322.547 204.605
367.227 203.763
412.455 202.7
457.939 202.046
277.962 249.318
322.85 248.543
368.081 247.782
414.045 246.998
460.375 246.407
277.562 294.367
323.263 293.737
369.155 293.372
415.67 292.676
462.793 292.271
277.321 340.747
323.491 340.47
370.129 340.3
417.529 339.98
465.178 339.649
