193.584 163.123
214.406 126.24
234.607 90.2218
254.601 54.7821
274.107 20.5474
227.873 177.384
248.707 139.277
269.333 102.27
289.396 65.7009
308.801 29.7702
264.48 192.713
285.48 153.407
306.113 114.771
326.151 77.0258
345.792 40.2494
303.273 209.216
324.349 168.383
344.94 128.436
365.244 89.3306
384.915 51.069
344.383 226.572
365.506 184.248
386.34 143.047
406.515 102.095
426.497 62.694
387.876 244.893
409.208 200.91
430.042 158.361
450.471 115.801
470.358 75.1227
434.374 264.59
455.678 218.876
476.652 174.631
497.13 130.775
516.972 88.2018
483.77 285.477
505.266 238.123
526.227 192.153
546.57 146.479
566.392 103.133
