222.992 251.191
231.364 208.409
239.468 164.143
246.359 121.635
253.912 76.3232
265.301 260.105
273.904 212.753
282.056 170.061
289.809 123.749
295.85 79.94
310.25 266.4
318.986 220.091
327.268 173.781
334.655 128.262
341.503 81.2629
357.686 275.54
366.458 226.397
374.612 179.256
382.38 131.292
388.913 83.9841
407.4 283.278
416.405 234.021
424.618 184.55
432.276 135.583
439.093 86.372
459.558 292.81
468.709 241.305
476.967 190.789
484.765 139.719
491.62 89.2108
514.451 302.377
523.759 249.657
532.215 197.142
540.082 144.738
546.876 92.2812
572.242 313.001
581.719 258.329
590.135 204.252
598.084 149.912
604.657 96.202
