517.447 328.669
469.115 329.356
420.54 329.676
371.792 330.28
322.877 330.683
514.512 280.222
466.685 280.582
418.678 280.839
370.647 281.311
322.44 281.585
511.477 232.536
464.301 232.857
417.136 233.296
369.557 233.518
321.96 233.851
508.303 186.485
461.739 186.744
415.28 186.99
368.424 187.324
321.44 187.447
505.033 141.845
459.405 141.911
413.435 142.267
367.322 142.162
320.922 142.412
501.781 98.7791
456.929 98.5456
411.637 98.8636
366.26 98.5075
320.497 98.6931
498.544 56.9972
454.426 56.597
409.924 56.6803
365.184 56.4099
320.152 56.2315
495.6 16.4163
452.082 15.9299
408.206 15.8362
364.17 15.2924
319.675 15.5969
