248.975 331.173
249.805 280.889
250.664 231.646
251.311 183.264
252.065 135.588
298.323 330.994
298.568 280.269
299.032 230.424
299.339 181.461
299.404 132.912
348.954 330.888
348.727 279.568
348.606 229.053
348.491 179.391
348.226 130.527
400.623 330.755
399.86 278.755
399.44 227.684
398.601 177.431
398.165 127.836
453.546 330.606
452.401 278.006
451.394 226.502
450.354 175.396
449.298 125.331
507.28 330.423
505.838 277.378
504.268 225.153
502.891 173.411
501.354 122.598
561.932 330.08
560.394 276.451
558.339 223.662
556.53 171.527
554.743 120.065
617.472 329.689
615.546 275.56
613.379 222.403
611.295 169.488
608.484 118.074
