519.923 324.079
471.706 322.386
423.821 320.506
376.042 318.707
328.357 317.054
519.137 275.922
471.671 274.396
424.317 272.592
377.107 270.893
330.182 269.237
518.397 229.276
471.507 227.636
424.818 226.062
378.422 224.403
332.112 222.697
517.595 183.912
471.496 182.474
425.589 180.767
379.646 179.328
334.111 177.557
516.866 140.229
471.569 138.477
426.309 137.158
381.149 135.318
336.193 133.795
516.257 97.8598
471.704 96.1463
427.157 94.7046
382.618 92.8342
338.376 91.5525
515.684 56.9645
471.845 55.0869
428.078 53.7386
384.295 51.8187
340.574 50.1755
515.262 17.2635
472.17 15.3962
429.01 13.712
385.895 11.6789
342.819 10.7571
