269.593 302.322
263.2 258.592
257.003 215.713
251.02 173.569
245.264 132.264
312.107 295.254
305.141 250.83
298.568 207.483
292.164 164.654
285.712 122.572
356.183 287.802
348.72 242.756
341.557 198.735
334.582 155.373
327.904 112.761
401.847 280.203
393.833 234.555
386.193 189.814
378.659 145.909
371.481 102.645
449.305 272.326
440.63 225.957
432.36 180.661
424.351 135.962
416.501 92.4092
498.234 264.165
488.858 217.17
479.902 171.363
471.329 125.854
462.938 81.6981
548.772 255.76
538.88 207.95
529.203 161.625
519.861 115.768
510.846 70.8561
600.974 247.174
590.432 198.789
579.97 151.782
570.141 105.257
560.051 60.4346
