232.22 298.288
235.241 254.155
238.181 211.317
240.931 169.468
243.618 128.989
273.436 298.578
275.867 253.332
278.398 209.523
280.757 166.81
282.78 125.345
316.743 298.934
318.708 252.493
320.588 207.611
322.455 163.942
324.283 121.674
362.508 299.364
363.734 251.652
365.079 205.663
366.259 161.154
367.401 117.765
410.669 299.644
411.276 250.782
411.746 203.875
412.222 158.005
412.627 113.859
461.472 300.314
460.993 250.045
460.676 201.938
460.405 154.802
459.995 109.726
514.912 300.68
513.636 249.244
512.338 199.827
510.956 151.689
509.682 105.419
571.326 301.319
568.866 248.429
566.405 197.64
564.076 148.361
561.61 101.5
