273.794 334.115
273.862 289.322
274 245.269
274.074 201.69
274.208 158.973
317.546 333.92
317.251 288.473
316.97 243.699
316.704 199.694
316.436 156.253
362.641 333.711
361.873 287.692
361.403 242.42
360.598 197.578
360.143 153.535
408.991 333.567
407.804 286.878
406.879 240.918
406.132 195.489
404.984 150.666
456.69 333.389
455.297 285.988
453.785 239.46
452.539 193.265
451.295 147.845
505.422 333.162
503.764 285.257
501.964 237.919
500.452 190.982
498.575 144.941
555.393 332.787
553.615 284.279
551.408 236.36
549.4 188.831
547.49 141.985
606.531 332.469
604.406 283.257
601.962 234.74
599.849 186.467
597.124 139.424
