205.948 312.77
208.231 269.325
210.427 226.654
212.466 184.82
214.559 144.311
246.098 313.321
247.651 268.593
249.683 225.292
251.561 182.69
253.028 140.977
288.046 313.626
289.408 268.233
290.708 223.687
292.226 180.268
293.474 137.88
331.936 314.32
332.85 267.489
333.738 222.267
334.62 177.884
335.547 134.562
378.117 314.658
378.483 266.969
378.86 220.652
379.166 175.3
379.52 131.178
426.455 315.341
426.147 266.353
425.797 219.201
425.523 172.534
425.302 127.545
477.289 315.794
476.267 265.696
475.293 217.433
474.141 169.957
473.153 123.753
530.529 316.591
528.562 265.261
526.758 215.652
525.007 167.007
523.181 120.453
