254.522 330.365
254.732 280.835
255.198 232.683
255.412 185.46
255.62 139.396
301.673 329.589
301.473 279.295
301.352 230.021
300.959 181.8
300.529 134.524
351.324 328.955
350.371 277.484
349.461 227.32
348.55 177.808
347.655 129.621
403.023 328.322
401.49 275.619
399.814 224.323
398.404 173.817
396.801 124.491
457.014 327.521
454.74 273.663
452.552 221.33
450.453 169.574
448.41 119.331
513.391 326.699
510.432 271.7
507.55 218.202
504.681 165.251
501.904 113.695
571.723 325.731
568.481 269.609
564.731 214.798
561.292 160.748
557.768 108.126
632.525 324.62
628.518 267.42
624.292 211.447
620.24 156.361
615.492 102.88
