286.095 332.947
286.347 287.568
286.444 243.057
286.581 199.278
286.678 156.351
330.57 332.831
330.378 286.697
330.184 241.547
329.738 197.228
329.426 153.407
376.602 332.663
375.821 285.837
375.189 240.02
374.397 194.846
373.63 150.558
423.911 332.526
422.636 285.047
421.526 238.502
420.356 192.629
419.198 147.57
472.641 332.307
470.976 284.252
469.381 236.926
467.654 190.374
466.191 144.625
522.551 332.045
520.404 283.293
518.153 235.419
516.432 187.855
514.324 141.553
573.472 331.67
571.252 282.276
568.59 233.678
566.306 185.661
563.772 138.45
625.644 331.324
622.932 281.28
620.135 232.131
617.409 183.28
614.131 135.723
