265.538 316.596
263.42 271.588
261.49 227.5
259.476 183.742
257.596 140.767
308.484 314.447
305.93 268.529
303.828 223.601
301.554 179.261
299.238 135.345
353.307 312.189
350.465 265.438
347.865 219.602
345.303 174.325
342.551 129.685
399.886 309.849
396.828 262.316
393.774 215.425
390.673 169.334
387.668 123.895
448.737 307.541
445.178 258.678
441.521 211.222
437.885 163.984
434.504 117.863
499.542 304.839
495.382 255.345
491.126 206.695
487.033 158.613
482.97 111.708
552.258 302.223
547.516 251.546
542.706 202.193
538.025 153.323
533.445 105.419
607.047 299.423
601.508 247.71
596.16 197.408
590.954 147.573
585.331 99.3473
