294.84 334.466
294.692 290.168
294.662 246.453
294.588 203.311
294.57 160.73
338.447 334.427
338.185 289.447
337.633 245.269
337.34 201.464
336.763 158.303
383.49 334.342
382.588 288.643
381.972 243.793
381.194 199.471
380.445 155.657
429.573 334.215
428.438 288.034
427.402 242.539
426.304 197.555
425.248 153.271
476.849 333.912
475.49 287.241
474.076 241.272
472.709 195.493
471.315 150.534
525.178 333.67
523.507 286.449
521.586 239.768
520.242 193.442
518.339 147.725
574.419 333.4
572.623 285.498
570.557 238.36
568.61 191.494
566.633 145.155
624.654 333.034
622.622 284.616
620.356 236.757
618.384 189.337
615.607 142.816
