257.116 231.586
257.78 189.299
258.466 147.719
259.055 107.118
259.648 67.599
298.414 229.382
298.578 185.869
298.903 143.722
299.251 102.47
299.249 62.0046
341.565 226.73
341.337 182.524
341.069 139.475
340.784 97.4391
340.511 56.459
386.609 224.121
385.78 179.066
385.066 135.234
384.277 92.428
383.374 50.6042
433.721 221.405
432.361 175.364
430.887 130.815
429.44 86.8879
427.902 44.8109
482.958 218.585
480.739 171.506
478.473 126.358
476.326 81.6232
474.098 38.7083
534.286 215.898
531.287 167.764
528.17 121.62
525.051 76.3981
521.929 32.5235
587.687 212.986
583.629 164.11
579.546 116.918
575.532 70.7008
571.283 26.8318
