259.692 316.451
261.239 271.785
262.508 228.178
263.846 185.036
265.331 142.807
302.384 317.262
303.33 271.682
304.463 227.251
305.5 183.412
306.41 140.215
346.705 318.197
347.471 271.652
348.118 226.257
348.701 181.457
349.448 137.578
393.252 319.122
393.482 271.632
393.609 225.225
393.814 179.524
394.086 134.749
441.676 320.199
441.385 271.517
441.25 224.32
440.846 177.524
440.645 131.964
492.262 321.217
491.441 271.513
490.461 223.287
489.659 175.577
488.857 129.159
544.723 322.135
543.393 271.479
541.837 222.231
540.434 173.636
539.138 126.317
599.501 322.952
597.44 271.476
595.069 221.148
593.133 171.576
590.643 123.707
