171.094 264.206
174.106 206.357
176.691 150.615
179.843 97.0216
183.08 45.5814
230.297 264.669
232.222 206.777
234.041 150.962
235.909 96.8471
237.989 44.8721
289.495 265.246
290.486 207.226
291.449 151.436
292.49 96.812
293.459 44.2176
348.834 265.924
348.777 207.739
349.026 151.733
349.197 96.8259
349.451 43.5575
408.485 266.654
407.679 208.236
406.894 151.989
406.497 96.7745
405.949 42.9924
468.503 267.513
466.87 208.739
465.299 152.133
464.004 96.7056
462.818 42.5327
529.011 268.438
526.971 209.293
524.569 152.08
522.567 96.2385
520.566 41.6966
588.898 269.597
586.891 210.125
584.306 152.405
581.353 96.3484
578.301 41.9273
