162.184 306.514
163.325 255.966
163.706 206.859
165.315 159.847
166.758 114.122
211.951 304.516
212.081 253.408
212.322 204.291
212.863 156.883
213.454 110.653
262.267 302.297
261.706 250.842
261.472 201.652
261.434 154.125
261.26 107.722
313.378 300.13
312.237 248.571
311.353 199.376
310.45 151.467
309.656 105.034
365.478 298.183
363.489 246.521
361.746 197.058
360.104 148.918
358.542 102.287
418.374 296.448
415.374 244.446
412.603 194.758
410.145 146.484
407.832 99.4332
472.179 294.935
467.971 242.641
464.364 192.486
461.043 143.834
457.909 96.6197
526.121 293.594
521.294 241.146
516.68 190.608
512.337 141.928
507.963 94.9759
