189.17 279.759
194.101 226.999
198.473 175.323
202.953 124.676
207.745 75.2861
240.972 282.381
245.18 228.958
249.264 176.758
253.352 125.433
257.515 75.2621
293.945 285.103
297.644 230.888
301.235 178.236
304.908 126.217
308.577 75.2214
348.205 287.919
351.281 233.053
354.531 179.683
357.698 126.973
361.022 75.1462
403.816 290.854
406.406 235.368
409.179 181.043
412.021 127.648
414.835 74.9732
460.872 294.051
463.05 237.698
465.333 182.678
467.761 128.345
470.247 74.7432
519.74 297.377
521.54 240.267
523.403 183.979
525.446 128.682
527.388 74.4379
580.152 300.841
581.604 242.681
583.204 185.785
584.713 129.595
585.996 74.6264
