151.409 308.726
158.575 273.215
163.809 237.617
167.841 201.838
171.212 166.693
191.527 311.317
196.952 274.565
200.921 238.362
204.384 202.647
207.439 167.687
231.252 313.4
235.171 275.765
238.306 239.11
241.04 203.323
243.664 168.334
270.393 314.747
273.276 276.611
275.726 239.701
277.953 203.67
279.724 168.497
309.784 316.3
311.532 277.661
313.358 240.573
314.779 203.954
316.362 168.49
348.772 317.387
350.166 278.647
351.115 241.038
352.039 204.081
353.192 168.125
388.535 318.766
388.927 279.431
389.364 241.281
389.808 203.731
390.549 167.594
428.835 319.977
428.632 280.274
428.636 241.511
428.662 203.621
428.717 166.737
