197.099 260.001
200.429 204.915
203.08 150.45
205.925 96.0157
209.112 41.8814
249.753 262.12
252.781 206.309
255.552 151.001
258.256 95.5672
261.275 40.4516
304.175 264.453
307.116 207.597
309.814 151.461
312.436 95.0124
315.453 38.8623
360.303 266.904
363.003 209.016
365.819 151.778
368.461 94.335
371.476 37.0535
418.876 269.48
421.452 210.31
424.091 151.893
426.891 93.3453
429.851 35.0179
480.25 272.237
482.456 211.638
484.989 151.863
487.644 92.3104
490.497 32.8176
544.664 275.209
546.728 213.05
549.016 151.664
551.417 90.8157
553.812 30.4814
612.058 278.253
613.912 214.686
615.855 151.915
617.495 90.121
618.94 29.2984
