201.328 281.864
205.477 224.287
209.217 168.635
212.903 114.366
216.48 61.2681
259.094 283.361
262.272 225.43
265.353 169.37
268.27 114.574
271.168 61.0905
317.557 284.889
319.858 226.514
322.201 170.166
324.49 114.802
326.709 60.8423
376.769 286.651
378.291 227.613
379.932 170.738
381.518 114.915
383.205 60.4193
437.228 288.399
437.917 228.989
438.721 171.42
439.701 115.045
440.716 59.8928
498.609 290.47
498.568 230.273
498.66 172.068
498.754 115.374
498.997 59.7339
561.425 292.555
560.549 231.724
560.081 172.557
559.405 115.196
558.421 59.5308
624.968 294.489
623.625 233.144
622.428 173.549
620.796 115.478
619.002 59.1995
