203.355 270.04
205.8 222.562
208.221 175.594
211.435 129.108
215.45 83.9067
249.945 272.805
252.085 225.062
254.631 177.65
257.62 130.806
261.24 85.0941
297.352 275.714
299.413 227.498
301.885 179.76
304.725 132.487
307.828 86.3171
345.634 278.688
347.585 230.115
350.146 181.793
352.591 134.115
355.433 87.3599
394.959 281.852
396.934 232.646
399.191 183.924
401.634 135.617
403.952 88.3959
445.591 285.176
447.362 235.391
449.578 185.89
451.611 137.156
453.705 89.2809
497.485 288.49
499.533 238.067
501.332 187.991
503.25 138.491
504.675 90.1623
550.924 291.808
552.963 240.93
554.976 190.058
556.026 140.125
556.89 91.4635
