299.318 260.461
298.867 218.029
298.487 175.503
298.241 132.76
297.833 90.1393
341.395 260.389
341.157 217.653
340.776 175.169
340.547 132.348
340.29 89.4055
383.852 260.282
383.608 217.515
383.434 174.793
383.228 131.737
382.813 88.7777
426.544 260.194
426.423 217.328
426.304 174.401
425.949 131.273
425.654 88.2048
469.422 259.919
469.353 217.034
469.127 174.103
469.146 130.724
468.653 87.6646
512.29 259.799
512.292 216.735
511.929 173.781
512.105 130.411
511.634 87.1266
554.993 259.651
555.143 216.559
554.905 173.593
554.997 130.167
554.812 86.7204
597.938 259.52
598.075 216.428
597.88 173.35
598.068 129.849
597.386 86.802
