317.873 262.577
317.459 219.667
316.789 177.117
316.418 134.543
315.763 92.4792
361.068 261.888
360.393 218.716
359.636 176.083
358.969 133.464
358.31 91.158
404.512 261.373
403.55 218.095
402.78 175.103
401.989 132.343
401.254 89.8931
448.268 260.453
447.228 217.169
446.207 174.2
445.242 131.267
444.312 88.6065
491.864 259.71
490.835 216.378
489.586 173.287
488.698 130.152
487.466 87.5459
535.589 259.067
534.46 215.478
532.98 172.439
532.088 129.228
530.584 86.4875
579.234 258.363
578.116 214.643
576.51 171.534
575.351 128.37
573.808 85.5416
622.771 257.543
621.466 213.887
619.745 170.741
618.585 127.475
616.43 85.2324
