353.528 245.581
351.799 215.422
350.307 186.345
348.587 158.172
347.276 131.257
385.52 245.499
383.347 215.461
381.007 186.592
378.884 158.654
376.958 131.562
417.138 245.511
414.291 215.628
411.492 186.95
408.938 159.132
406.392 132.397
448.186 245.561
444.676 215.818
441.495 187.394
438.423 159.678
435.377 133.026
478.603 245.716
474.767 216.251
471.034 187.827
467.553 160.295
463.852 133.763
508.582 245.783
504.362 216.428
499.799 188.371
495.951 160.663
491.925 134.544
537.891 245.903
533.22 216.701
528.418 188.797
524.059 161.591
519.634 135.348
566.923 246.146
561.705 217.207
556.528 189.392
551.734 162.204
546.592 136.475
