351.642 273.898
352.713 242.513
353.79 210.908
355.012 179.058
356.037 147.072
381.781 274.356
383.071 243.159
384.108 211.948
385.276 180.48
386.471 148.825
411.392 274.543
412.505 243.715
413.626 212.886
414.994 181.799
416.216 150.581
440.028 274.643
441.318 244.42
442.492 213.842
443.764 183.252
445.181 152.388
467.795 275.039
469.276 244.979
470.506 214.808
472.187 184.508
473.355 153.946
494.883 275.211
496.468 245.512
497.625 215.783
499.523 185.754
500.756 155.617
521.337 275.378
522.932 246.187
524.324 216.723
525.953 187.179
527.623 157.363
547.239 275.512
548.761 246.588
550.349 217.599
552.292 188.42
553.358 159.152
