304.395 224.469
307.809 192.539
311.25 162.346
314.354 133.863
317.287 107.324
341.704 223.677
344.144 191.236
346.475 160.9
348.576 132.303
350.498 105.015
380.355 223.101
381.444 190.236
382.571 159.402
383.658 130.332
384.653 103.09
419.641 222.295
419.641 189.146
419.615 157.823
419.619 128.531
419.613 100.818
460.316 221.564
458.915 187.749
457.61 156.526
456.496 126.55
455.36 98.9736
501.726 220.692
499.005 186.562
496.3 155.09
494.043 124.648
491.642 96.7419
544.158 220.332
539.982 185.603
535.952 153.564
532.398 123.215
528.779 94.6228
587.476 219.523
581.833 184.597
576.466 152.272
571.552 121.329
566.534 93.3203
