285.59 268.305
283.946 226.211
282.156 183.742
280.356 140.835
278.56 97.8009
325.818 267.731
324.234 224.702
322.616 181.466
321.017 137.68
319.301 93.4346
368.085 267.362
366.515 223.381
365.03 179.029
363.51 134.14
361.951 88.8792
412.214 266.724
410.757 221.722
409.461 176.437
408.117 130.471
406.628 84.2443
458.39 266.344
457.197 220.201
456.017 173.656
454.751 126.615
453.546 79.3033
506.588 265.717
505.605 218.484
504.546 170.906
503.469 122.643
502.366 74.2715
557.149 265.089
556.341 216.636
555.508 168.002
554.594 118.674
553.519 69.0892
609.808 264.458
609.297 214.898
608.539 165.116
607.804 114.571
606.561 64.2641
