304.255 266.244
303.593 221.812
302.947 177.346
302.377 132.311
301.69 87.05
348.293 266.194
347.737 221.48
347.376 176.517
346.877 131.225
346.449 85.4116
393.232 266.102
392.768 221.085
392.544 175.714
392.289 129.943
391.865 83.8068
438.634 265.994
438.478 220.606
438.392 174.982
438.355 128.79
438.157 82.383
484.687 265.809
484.781 220.304
484.787 174.317
485.058 127.584
484.88 80.8236
531.288 265.631
531.628 219.761
531.685 173.532
532.236 126.496
532.272 79.4473
578.052 265.551
578.696 219.395
579.019 172.733
579.601 125.62
580.04 78.1633
625.31 265.439
626.282 218.925
626.682 172.273
627.581 124.702
627.5 77.4824
