199.403 276.583
193.194 229.294
186.491 178.216
179.238 122.609
171.527 62.4107
249.79 276.831
245.504 229.337
240.845 177.754
235.697 121.803
230.18 61.111
301.104 277.012
298.619 229.285
296.219 177.534
293.397 121.329
290.319 59.6132
352.828 277.389
352.478 229.209
352.241 177.282
351.746 120.469
351.362 58.45
405.302 277.386
407.24 229.22
409.026 176.677
411.31 119.7
413.549 57.1881
458.15 277.403
462.316 229.137
466.573 176.399
471.513 119.164
476.594 56.0658
511.587 277.309
518.146 228.923
524.896 175.971
532.587 118.294
540.611 55.1452
565.614 277.406
574.6 228.687
583.903 175.656
594.492 117.784
604.702 54.3578
