247.404 273.316
248.276 244.638
249.051 216.197
249.847 187.612
250.611 159.38
275.954 273.731
276.639 245.401
277.489 217.273
278.373 188.899
279.211 160.622
304.171 274.341
304.731 246.244
305.582 218.134
306.43 190.195
307.226 162.097
331.598 274.591
332.435 246.778
333.29 219.18
334.032 191.268
334.616 163.496
358.717 275.07
359.553 247.5
360.239 220.099
361.203 192.419
361.715 164.823
385.237 275.493
386.104 248.27
386.646 220.852
387.593 193.484
388.425 166.267
411.082 275.984
411.98 248.932
412.687 221.748
413.682 194.629
414.545 167.491
436.697 276.349
437.622 249.528
438.505 222.648
439.527 195.722
440.223 168.856
