212.565 225.835
216.697 187.691
220.573 152.117
224.341 118.564
227.755 87.3945
256.563 224.925
259.25 186.498
261.782 150.953
264.22 117.304
266.401 85.5239
301.178 224.153
302.301 185.574
303.403 149.583
304.397 115.594
305.347 84.2025
345.762 223.346
345.471 184.594
345.164 148.431
344.764 114.421
344.57 82.6074
390.778 222.592
389.028 183.528
387.331 147.544
385.662 112.982
384.186 81.3164
436.06 221.785
432.665 182.564
429.479 146.453
426.616 111.589
423.812 79.6514
481.477 221.272
476.72 181.747
472.124 145.392
467.857 110.621
463.864 78.2956
527.336 220.488
520.979 181.112
514.959 144.364
509.533 109.281
503.888 77.4876
