247.585 273.432
248.503 244.437
249.486 215.43
250.389 186.494
251.233 157.583
276.497 273.771
277.434 245.289
278.31 216.567
279.221 187.795
280.176 159.242
304.738 274.38
305.737 246.071
306.575 217.581
307.543 189.271
308.417 160.675
332.655 274.807
333.53 246.746
334.498 218.649
335.416 190.499
336.228 162.341
359.728 275.409
360.769 247.447
361.632 219.689
362.624 191.669
363.452 163.852
386.328 275.729
387.414 248.281
388.292 220.648
389.37 192.859
390.194 165.384
412.26 276.285
413.381 248.899
414.324 221.655
415.456 194.282
416.463 166.806
437.699 276.644
438.907 249.573
440.042 222.541
441.319 195.478
441.903 168.422
