214.003 262.253
214.163 214.459
214.413 166.68
214.589 118.732
215.009 71.1187
260.706 262.497
260.933 214.201
261.308 166.057
261.443 117.655
261.48 69.288
308.601 262.592
308.673 214.018
308.916 165.339
309.184 116.388
309.325 67.5221
357.344 262.84
357.496 213.743
357.601 164.563
357.677 115.31
357.939 65.716
406.782 263.208
407.124 213.533
407.273 163.995
407.538 113.858
407.618 64.0797
457.057 263.434
457.358 213.406
457.578 163.401
457.989 112.598
458.207 62.3928
508.155 263.601
508.684 213.13
508.901 162.597
509.37 111.555
509.704 60.6086
560.086 263.803
560.688 212.921
561.194 161.964
561.742 110.417
561.64 59.4876
