229.977 269.183
230.63 233.642
231.406 198.46
232.116 163.181
232.796 128.155
265.544 269.521
266.124 234.269
266.684 198.921
267.402 163.737
268.068 128.625
300.726 269.927
301.467 234.671
301.972 199.549
302.581 164.359
303.232 129.343
336.049 270.454
336.628 235.325
337.232 200.103
337.65 164.916
338.358 129.929
371.198 270.86
371.676 235.692
372.281 200.672
372.763 165.469
373.333 130.514
405.885 271.332
406.553 236.279
406.96 201.297
407.638 166.176
408.226 131.197
440.565 271.645
441.301 236.654
441.672 201.811
442.365 166.7
442.93 131.643
475.23 272.158
475.651 237.3
476.402 202.434
477.232 167.354
477.505 132.538
