200.955 248.829
203.073 202.202
205.127 156.523
207.271 111.861
209.432 68.6624
248.249 249.187
249.691 202.211
251.255 156.427
252.697 111.48
254.239 67.6157
295.915 249.398
296.774 202.301
297.672 156.229
298.601 110.954
299.579 67.0847
343.698 249.618
344.236 202.378
344.546 156.016
345.001 110.601
345.398 66.4301
391.922 249.899
391.859 202.404
391.709 155.997
391.668 110.18
391.536 65.7646
440.3 250.265
439.745 202.469
439.109 155.836
438.674 109.689
437.977 65.2339
488.755 250.536
487.961 202.574
486.852 155.742
485.812 109.556
484.705 64.4902
537.583 250.777
536.325 202.75
534.731 155.744
533.52 109.272
531.577 64.568
